12.25,	0.18,	8,	16.5
12.25,	0.18,	8,	16.5
12.25,	0.19,	8,	16.5
12.25,	0.19,	8,	16.5
12.25,	0.2,	8,	16.5
12.25,	0.2,	8,	16.5
12.25,	0.21,	8,	16.5
12.25,	0.21,	8,	17
12.25,	0.21,	8,	17
12.25,	0.22,	8,	17
12.25,	0.22,	7.5,	17
12.25,	0.23,	7.5,	17
12.25,	0.23,	7.5,	17
12.25,	0.24,	7.5,	17
12.25,	0.24,	7.5,	17
12.25,	0.24,	7.5,	17
12.25,	0.25,	7,	17
12.25,	0.25,	7,	17.5
12.25,	0.26,	7,	17.5
12.15,	0.26,	7,	17.5
12.25,	0.27,	7,	17.5
12.25,	0.28,	7,	17.5
12.25,	0.28,	7,	17.5
12.25,	0.29,	7,	18
12.25,	0.29,	7,	18
12.25,	0.29,	7,	18
12.25,	0.3,	7,	18
12.25,	0.3,	7,	18